Multiple size <= 100
TEST 1 ARG:60 85 59 83 21 96 15 99 5 26 37 35 3 12 89 17 55 31 72 0 66 71 81 11 14 57 56 18 25 86 13 24 91 22 67 53 97 8 6 94 58 47 4 74 29 80 49 87 27 68 54 61 32 98 33 34 40 43 93 90 78 28 44 95 63 70 77 39 69 75 64 50 42 45 41 10 82 62 76 2 19 51 88 65 30 79 84 52 9 16 46 38 36 1 73 20 7 48 23 92
TEST 2 ARG:88 2 94 54 28 35 12 83 38 97 1 8 29 66 42 78 95 61 85 63 82 4 57 50 45 24 22 80 26 0 19 5 46 6 53 49 90 68 91 7 93 56 32 60 43 73 51 18 39 20 70 81 74 77 79 69 84 55 89 71 65 64 40 67 11 10 75 25 48 13 3 87 47 41 34 99 17 52 86 44 37 30 16 98 92 9 14 72 59 31 15 96 36 23 33 76 58 27 21 62
TEST 4 ARG:40 45 7 60 34 43 98 64 50 72 4 78 53 96 63 73 90 3 17 0 89 16 83 97 38 58 87 11 8 10 61 88 82 99 33 57 2 81 12 77 54 27 42 5 21 29 84 41 15 14 24 59 22 36 70 86 75 55 23 47 25 9 95 6 67 79 85 56 39 71 44 76 69 51 68 30 74 1 26 37 91 46 31 80 65 48 93 35 66 92 62 20 18 13 19 94 28 32 52 49
TEST 5 ARG:38 14 67 35 72 60 10 31 29 7 39 28 30 16 93 88 52 41 59 91 74 99 79 71 21 89 22 45 53 11 80 70 0 69 86 78 94 33 6 68 77 50 8 25 23 55 4 51 62 18 48 37 44 65 66 83 97 43 5 49 34 76 27 47 57 12 54 75 26 98 42 73 84 36 58 61 92 15 19 3 32 63 82 9 56 2 90 96 1 87 20 24 40 13 64 17 46 85 95 81
TEST 6 ARG:92 87 65 64 73 95 18 63 81 46 26 6 19 30 48 78 53 14 4 37 86 47 66 31 52 20 60 32 43 59 1 24 27 36 12 79 74 55 8 3 44 54 5 76 15 77 40 93 67 98 33 96 70 90 68 7 49 42 13 83 28 29 61 17 58 97 38 82 80 41 10 16 35 85 22 75 39 72 0 94 88 21 25 71 89 23 34 69 50 56 62 9 11 91 99 57 51 45 2 84
TEST 7 ARG:82 89 95 88 22 93 37 48 57 43 23 11 38 65 35 62 74 26 66 10 17 46 50 29 59 83 15 77 40 98 36 13 51 96 81 80 64 54 19 76 58 34 63 20 30 39 53 79 52 12 61 25 87 68 84 31 75 90 85 1 8 7 3 73 86 44 16 9 33 78 21 99 70 28 97 56 32 18 14 55 42 6 24 45 5 2 94 4 72 69 67 49 92 91 47 71 41 60 0 27
TEST 8 ARG:98 50 87 78 20 36 89 42 1 79 73 99 67 30 4 60 28 13 70 16 38 33 41 25 45 2 19 35 24 82 80 86 55 77 9 92 12 85 56 0 52 44 51 21 69 17 72 14 64 63 3 22 93 48 62 97 34 39 57 61 5 43 7 65 59 29 58 76 66 81 11 95 54 8 26 37 49 46 10 27 40 47 32 96 71 94 84 88 68 91 75 6 90 74 23 53 18 31 83 15
TEST 9 ARG:65 71 3 64 27 26 11 93 63 72 78 19 50 18 53 90 42 85 35 30 88 74 16 7 84 99 58 95 36 66 14 69 54 51 56 43 1 94 34 6 9 98 96 40 45 70 73 82 55 62 68 4 25 67 81 61 87 48 59 13 5 29 41 46 76 38 12 28 37 91 39 17 47 2 23 44 0 83 89 86 33 20 97 24 79 8 75 32 49 77 21 15 10 52 92 22 31 80 60 57
TEST 10 ARG:74 30 2 94 8 59 73 68 75 20 52 5 38 50 41 26 61 56 92 39 10 67 19 62 83 21 72 32 76 24 44 11 55 99 37 25 95 85 86 6 78 22 89 4 80 16 51 97 33 27 47 70 87 43 98 64 60 58 0 81 7 77 49 13 53 57 63 17 79 18 84 46 9 82 69 31 48 65 14 29 91 93 15 54 88 71 35 1 3 23 66 42 96 34 90 12 28 36 40 45
TEST 11 ARG:44 18 33 82 52 13 31 84 6 27 12 43 5 59 81 23 55 75 92 87 37 78 11 45 74 71 62 2 4 21 53 24 8 30 41 35 50 34 19 97 17 80 94 79 25 98 86 40 67 73 22 15 76 54 89 69 58 68 48 60 26 46 77 95 32 36 90 9 61 99 28 47 0 51 16 56 66 29 20 93 38 1 7 70 65 83 64 49 72 57 39 42 3 63 88 14 96 10 85 91
TEST 12 ARG:66 56 90 11 22 68 10 67 73 50 25 48 75 85 26 27 97 63 37 60 28 24 34 8 99 81 93 16 76 9 64 31 18 1 41 29 20 98 78 2 57 35 13 62 40 17 0 55 39 12 77 4 5 38 83 70 3 65 72 23 58 36 21 74 7 92 47 30 52 33 42 53 49 51 45 86 89 87 71 14 19 46 59 95 80 6 44 96 43 32 84 61 15 54 91 88 69 94 79 82
TEST 13 ARG:20 81 53 99 26 93 6 51 64 23 27 34 36 68 91 77 18 60 32 17 28 45 3 56 25 1 70 47 49 72 39 62 76 85 19 87 0 2 48 30 22 90 38 89 43 5 55 71 97 16 57 79 35 74 44 58 10 96 59 95 8 80 98 75 42 46 66 88 78 31 11 54 52 40 7 24 82 13 69 61 4 29 86 9 73 83 12 94 14 21 15 33 50 41 37 63 67 92 65 84
TEST 14 ARG:15 98 52 18 97 76 25 69 50 1 35 11 83 63 19 66 93 14 4 37 80 31 62 87 24 47 61 90 10 75 95 53 39 84 85 12 81 36 13 41 68 5 72 58 96 88 77 26 9 54 65 28 23 48 34 56 20 17 6 70 43 22 91 2 74 7 21 32 27 59 99 3 82 89 51 33 55 94 64 60 42 67 44 49 86 57 16 30 45 46 29 40 78 38 79 73 71 8 0 92
TEST 15 ARG:66 5 61 89 7 20 79 70 97 96 80 38 69 49 40 16 3 11 32 74 35 36 92 21 93 73 63 58 47 22 4 17 27 83 37 30 56 88 59 39 53 86 33 72 10 26 9 57 81 12 60 55 43 64 98 8 67 19 48 23 25 2 54 0 90 29 87 28 6 42 62 41 99 34 68 78 94 91 18 52 46 77 15 50 44 14 75 31 1 95 51 13 82 24 84 45 65 85 71 76
TEST 16 ARG:83 40 36 71 21 38 78 92 88 22 79 66 74 64 10 15 65 26 48 34 62 94 68 69 59 97 72 96 90 67 76 49 63 44 87 0 84 28 7 17 9 18 1 2 32 41 91 42 61 50 57 81 37 39 73 60 46 82 98 4 56 54 11 20 8 45 86 3 14 85 93 47 16 51 75 95 43 80 30 24 13 12 52 35 19 33 77 58 6 27 70 55 31 5 23 89 99 29 25 53
TEST 17 ARG:41 62 66 70 94 97 85 46 18 72 74 93 17 81 84 60 98 21 6 73 50 26 92 16 15 54 19 29 3 45 24 27 44 59 37 39 76 5 95 58 71 96 53 7 28 32 80 22 75 79 35 23 13 91 99 0 31 48 14 52 88 2 1 47 90 56 25 33 42 4 36 86 57 67 55 40 82 68 83 11 38 87 8 69 12 61 43 20 77 51 34 89 49 64 10 78 63 9 30 65
TEST 18 ARG:16 27 12 78 99 85 22 50 82 36 28 59 90 37 79 95 51 17 53 35 30 38 87 71 63 8 77 2 64 69 68 56 15 21 46 52 25 81 55 0 33 9 23 83 43 72 14 96 3 19 39 84 47 75 34 61 73 62 74 49 58 98 91 1 29 11 76 48 65 70 5 40 7 60 80 4 24 18 45 6 57 44 20 10 93 97 31 88 42 94 54 13 92 41 67 86 32 26 89 66
TEST 19 ARG:60 49 19 85 28 89 37 51 17 73 4 35 63 80 94 64 10 79 58 22 43 77 24 14 67 66 5 21 47 96 2 11 72 75 52 82 45 20 3 9 0 86 93 15 84 90 65 25 30 41 36 23 78 33 74 69 27 87 70 57 7 48 81 62 42 26 6 76 53 54 98 97 92 68 40 38 31 13 12 56 88 1 91 46 83 59 34 61 18 99 95 50 44 71 32 16 55 29 39 8
TEST 20 ARG:89 43 8 42 44 86 78 50 83 21 39 49 67 36 60 59 0 7 3 66 61 19 30 84 63 65 18 27 99 51 10 34 70 6 56 82 77 1 57 90 96 62 9 23 64 81 12 26 46 35 22 17 94 47 87 31 79 75 14 29 58 25 13 97 73 88 98 95 54 55 76 72 53 32 80 48 40 74 24 15 2 37 45 16 4 33 20 52 69 93 41 11 28 92 91 85 38 5 71 68
TEST 21 ARG:25 55 44 85 80 32 88 89 29 21 41 94 65 67 2 74 6 75 87 95 58 28 18 60 49 70 10 4 7 77 92 20 59 98 16 38 76 36 0 52 62 48 37 11 39 19 79 68 40 17 22 57 3 46 15 30 14 97 31 61 83 69 63 54 26 13 66 1 81 9 5 12 50 71 99 73 90 45 24 91 51 56 78 47 96 33 53 86 93 43 72 34 42 82 27 64 23 8 35 84
TEST 22 ARG:36 95 13 55 28 3 17 49 48 93 44 10 71 99 65 58 85 46 41 35 45 84 72 92 83 94 79 47 68 76 74 22 81 26 80 52 38 11 53 34 77 15 2 51 24 31 32 16 88 18 39 96 70 66 64 75 1 29 59 23 19 6 20 25 61 37 30 0 5 67 62 21 91 57 33 40 27 12 14 60 69 7 87 56 98 54 78 42 9 43 8 97 4 86 73 50 63 90 89 82
TEST 23 ARG:5 13 23 4 24 68 49 63 15 71 36 84 96 88 29 45 58 66 31 55 1 9 26 17 7 79 6 33 74 52 8 75 91 57 19 34 80 86 0 10 32 47 30 41 77 89 11 94 65 67 37 44 14 40 92 85 73 62 93 82 22 12 97 21 18 70 78 59 38 90 61 99 72 25 54 43 56 16 87 35 53 48 46 95 50 39 81 51 98 64 42 76 83 3 60 28 20 27 2 69
TEST 25 ARG:13 82 78 18 21 60 74 97 76 89 11 7 96 38 5 35 34 79 87 72 99 12 29 61 52 25 70 62 16 10 81 33 23 69 64 24 84 3 71 31 48 41 90 40 39 73 58 0 36 55 63 88 50 51 92 85 57 98 93 59 20 1 66 6 47 86 14 49 26 46 44 67 19 68 54 77 94 42 91 4 80 37 95 56 27 22 45 8 28 30 43 83 53 15 9 65 75 17 2 32
TEST 26 ARG:53 3 48 94 9 58 97 61 80 78 88 63 96 13 75 50 99 98 43 37 84 69 81 49 18 0 11 92 42 1 21 95 16 10 39 44 83 89 30 71 56 51 57 19 60 12 82 24 28 68 62 27 85 20 73 2 8 66 6 32 74 72 54 38 77 90 52 31 34 41 29 91 76 46 79 25 4 86 22 65 87 59 55 93 64 47 23 17 15 45 67 14 70 26 5 33 7 36 35 40
TEST 27 ARG:50 44 0 67 11 26 55 9 54 18 20 52 63 92 83 34 84 51 81 98 25 46 42 97 16 82 78 43 85 5 87 89 49 47 21 59 2 39 65 86 12 14 23 79 76 7 40 77 35 56 96 99 91 28 48 15 45 68 8 95 13 93 36 74 58 24 57 62 94 33 61 31 88 60 37 66 73 3 41 53 69 29 32 4 27 10 30 1 6 17 90 75 22 80 71 19 64 38 70 72
TEST 28 ARG:99 58 35 77 67 87 31 72 59 36 97 40 18 83 55 56 45 81 9 23 88 76 10 80 14 93 8 49 22 84 51 47 28 54 19 24 68 91 16 42 57 7 79 52 65 0 21 53 96 94 20 69 71 38 6 62 1 29 3 95 82 39 66 30 89 4 98 86 60 61 26 48 75 5 34 41 64 43 32 11 74 73 15 92 78 25 85 27 17 50 63 46 90 2 37 13 12 33 44 70
TEST 29 ARG:90 98 0 96 39 89 81 16 66 92 57 86 23 53 13 3 83 54 82 20 51 21 35 49 76 85 59 31 72 46 14 75 19 30 73 6 27 10 9 74 78 28 71 44 61 25 24 15 17 87 12 69 67 50 52 5 64 60 97 2 18 8 91 56 80 70 94 99 55 93 47 1 4 58 37 43 11 48 63 38 95 40 84 68 29 45 77 62 33 34 32 22 26 41 36 7 88 65 42 79
TEST 30 ARG:5 20 91 28 15 52 26 34 72 63 44 62 78 90 32 0 89 65 22 38 80 95 74 42 6 49 40 21 97 60 8 1 79 41 81 3 84 25 29 71 59 47 31 86 94 66 68 48 61 98 64 9 67 4 46 50 69 54 53 92 70 36 14 2 23 73 51 99 96 24 75 18 27 56 87 16 13 35 55 30 93 57 12 83 45 82 10 7 39 33 43 88 76 11 77 85 58 19 37 17
TEST 31 ARG:94 67 34 17 59 49 69 3 46 51 72 79 12 42 85 53 70 2 78 36 66 24 44 65 89 31 77 76 48 26 58 6 64 5 73 33 11 1 14 87 27 68 15 47 0 97 81 99 4 18 28 45 37 54 96 88 92 75 60 40 19 93 80 83 82 52 8 56 38 84 9 32 16 21 39 71 29 55 23 7 22 35 63 20 90 57 10 62 91 30 98 50 86 25 43 95 41 13 74 61
TEST 32 ARG:9 3 12 65 14 27 5 54 24 67 83 91 33 23 53 74 78 22 17 2 98 26 38 92 28 72 1 64 6 55 93 51 44 40 59 86 30 81 90 34 82 85 45 41 60 46 16 11 56 95 37 18 89 35 75 68 99 50 66 7 4 15 29 96 0 88 52 39 31 69 79 20 48 47 63 32 70 62 87 94 13 8 77 73 84 25 49 10 19 80 21 71 42 97 43 58 61 76 57 36
TEST 33 ARG:4 2 7 88 55 68 54 72 38 12 50 43 8 63 27 56 90 74 33 35 94 57 44 81 34 66 26 0 13 41 83 78 14 47 91 39 25 17 99 65 53 70 59 48 96 84 22 86 73 79 77 98 82 36 87 28 92 32 60 20 62 29 31 69 80 1 51 5 19 64 46 3 97 21 37 45 18 23 93 49 6 71 52 85 42 11 10 89 75 24 95 40 76 9 30 67 61 58 15 16
TEST 34 ARG:4 9 76 16 10 24 92 55 62 93 81 87 7 14 20 71 19 27 63 99 83 37 58 1 42 15 54 66 91 65 72 26 88 47 79 6 3 52 96 31 30 41 46 97 39 77 80 2 21 61 45 8 5 75 67 0 69 33 29 85 34 17 90 43 51 13 35 22 73 48 49 53 32 56 38 18 36 95 78 68 40 64 94 59 23 84 89 82 12 60 44 86 74 28 50 25 70 11 57 98
TEST 35 ARG:18 86 38 79 30 60 44 61 54 84 46 66 97 28 91 76 23 87 59 9 25 58 68 17 57 51 94 69 52 83 48 14 1 8 45 71 65 73 62 56 50 75 67 27 29 15 82 11 35 99 5 53 7 10 88 47 21 81 32 13 77 41 89 40 42 4 49 93 16 34 6 36 37 74 72 39 92 55 80 96 0 33 26 43 90 2 24 63 20 19 98 70 85 12 64 95 31 3 78 22
TEST 36 ARG:95 1 80 24 86 14 22 44 71 84 26 34 89 88 31 32 39 21 10 97 50 70 23 40 74 47 0 63 59 46 41 93 94 56 85 33 65 42 58 16 83 66 81 60 17 19 68 3 75 90 15 18 43 57 79 27 48 91 52 51 99 96 13 87 37 38 2 12 54 8 67 62 64 6 61 69 45 9 82 55 36 78 30 98 53 28 29 73 35 49 92 77 76 5 72 4 25 11 20 7
TEST 37 ARG:79 24 72 90 88 44 2 32 9 37 92 66 93 6 71 11 50 81 67 17 89 30 99 5 87 64 21 96 78 28 95 45 41 61 75 46 22 85 65 73 94 36 35 19 98 60 80 18 26 27 43 13 25 77 0 76 23 48 52 33 20 16 57 49 3 51 39 47 74 83 38 7 12 59 54 53 68 1 82 4 40 14 42 97 29 34 56 86 15 8 58 63 69 10 55 70 84 31 91 62
TEST 38 ARG:96 51 33 87 2 52 64 28 45 24 18 44 34 41 37 89 59 91 1 88 83 39 5 4 6 76 21 77 67 46 19 9 69 55 53 54 15 13 11 27 72 94 22 61 99 62 43 23 92 85 80 7 82 78 17 56 35 68 81 71 30 31 79 74 93 50 36 25 97 40 86 48 75 3 49 29 58 70 0 65 98 84 95 90 32 10 60 26 57 63 8 16 47 38 42 73 14 12 20 66
TEST 39 ARG:53 67 9 55 3 95 92 60 57 20 77 83 13 0 19 31 25 47 88 70 75 5 97 76 62 27 65 85 36 98 52 14 7 16 96 80 23 1 18 17 61 12 63 69 33 56 2 48 79 87 71 10 32 46 66 81 91 35 84 26 29 73 82 93 11 54 37 72 42 43 40 50 34 51 44 4 45 30 28 99 22 59 68 24 39 58 78 90 6 38 74 15 89 41 86 8 94 21 64 49
TEST 40 ARG:13 34 67 76 74 4 68 96 56 39 40 33 81 82 53 89 35 85 11 20 46 50 87 92 58 1 78 86 28 52 55 12 30 65 44 71 47 9 6 3 49 61 22 62 31 59 37 75 84 54 21 93 63 10 18 91 0 26 95 79 36 73 7 43 77 27 90 94 41 83 72 60 23 2 64 19 16 5 8 42 15 98 51 48 17 29 66 88 45 25 32 69 14 70 80 57 97 24 38 99
TEST 41 ARG:9 15 55 84 99 60 89 67 86 1 5 18 52 88 94 17 19 4 90 32 61 24 93 76 34 33 74 10 31 98 65 39 83 42 40 28 27 78 44 12 63 51 79 41 8 37 97 20 48 23 36 69 26 70 71 81 68 47 82 11 13 30 2 96 3 7 50 92 25 73 77 56 57 75 49 46 43 72 29 0 59 62 87 95 91 66 21 16 22 14 6 54 58 64 53 35 38 45 80 85
TEST 42 ARG:77 79 67 74 30 25 2 59 89 73 12 32 6 38 14 65 96 29 8 86 35 63 64 44 49 40 71 27 52 7 22 24 48 60 1 83 54 47 26 95 41 15 33 42 61 0 76 91 99 16 55 21 36 10 3 28 11 72 19 94 5 20 68 85 66 93 43 31 78 62 98 53 87 9 56 23 92 13 97 18 50 4 81 34 37 82 88 39 46 69 80 75 17 70 90 51 57 84 45 58
TEST 43 ARG:0 62 83 43 1 90 30 92 63 23 17 55 60 67 12 74 37 29 11 2 78 70 88 85 19 34 14 66 22 81 65 44 42 32 39 25 49 5 75 69 61 91 56 86 50 35 7 71 94 68 27 10 77 28 98 51 36 79 47 96 33 18 6 53 58 64 13 72 4 48 57 26 40 15 21 41 82 89 46 99 24 73 20 76 31 16 3 52 45 9 87 8 80 59 95 93 54 84 97 38
TEST 44 ARG:46 69 71 95 82 52 43 29 91 0 21 77 15 31 61 7 32 94 51 72 8 41 3 6 30 57 68 22 65 92 53 13 89 55 26 36 2 76 35 59 88 28 17 23 75 78 19 70 11 20 10 73 79 64 63 14 34 87 97 42 80 54 47 18 85 74 93 66 62 60 83 56 27 9 58 99 98 67 4 84 50 33 49 90 96 24 16 48 37 44 25 1 86 39 5 45 40 38 12 81
TEST 45 ARG:14 91 48 56 13 88 84 25 62 52 76 4 97 65 47 57 32 2 26 27 64 67 30 63 83 37 34 28 60 35 80 10 22 55 81 49 95 39 15 70 5 85 6 86 75 16 68 90 3 71 87 74 51 78 77 58 53 73 31 24 99 17 93 89 0 66 54 40 69 61 92 44 79 98 50 96 29 38 41 21 36 18 42 43 8 94 33 7 9 1 82 12 72 19 11 45 23 46 59 20
TEST 46 ARG:35 15 79 31 53 10 61 69 7 28 87 40 92 56 3 72 51 2 93 60 83 45 9 5 85 43 37 20 17 49 94 66 74 41 96 22 68 6 65 81 27 11 36 16 54 64 39 34 1 26 73 82 46 30 63 80 12 78 55 91 47 52 90 70 33 57 88 14 97 44 98 50 75 59 77 24 86 29 32 62 89 95 21 71 38 13 84 42 76 58 0 67 48 8 4 18 23 25 19 99
TEST 47 ARG:66 42 60 89 52 58 48 94 15 84 56 5 53 26 96 31 97 87 47 70 80 88 3 90 85 19 2 20 1 68 86 43 34 95 54 71 10 37 67 99 29 35 64 63 16 28 33 75 36 61 73 24 46 7 44 13 38 82 23 0 51 77 32 78 12 30 18 57 11 98 69 59 22 62 27 6 93 14 39 49 21 91 83 40 74 4 55 45 81 76 9 79 65 92 72 41 17 8 25 50
TEST 48 ARG:73 1 61 20 8 18 40 22 32 91 47 77 21 59 4 65 35 87 46 90 49 97 88 16 31 85 78 17 27 34 71 24 69 76 13 94 29 99 86 19 6 33 37 11 53 10 82 7 60 2 12 28 5 66 55 81 38 0 58 67 57 70 41 51 48 39 93 25 56 44 92 98 72 89 43 42 52 30 9 26 84 80 96 3 83 50 23 36 74 15 63 68 95 64 79 45 75 14 62 54
TEST 49 ARG:3 23 50 54 53 68 35 32 56 96 2 94 65 78 83 46 71 22 45 48 61 24 55 13 14 43 19 5 47 6 26 75 8 31 76 17 29 37 77 28 72 63 73 40 42 62 20 1 74 86 51 82 84 80 7 44 21 92 67 59 39 34 98 27 70 89 30 16 33 12 66 81 10 95 88 18 25 93 52 99 91 36 41 15 9 97 11 79 57 64 85 38 90 87 69 4 60 0 49 58
TEST 50 ARG:14 95 80 92 2 28 43 34 69 57 78 3 52 62 72 35 27 55 1 93 83 24 8 60 53 51 71 56 40 61 25 21 84 50 32 41 64 38 85 68 65 79 46 15 73 30 49 59 11 42 88 54 5 66 26 99 12 22 37 63 44 70 20 67 17 19 45 6 98 82 76 91 9 86 4 10 29 74 13 81 7 87 18 36 58 48 77 39 0 89 90 94 16 33 75 96 31 97 23 47
TEST 51 ARG:86 68 80 16 64 47 89 79 74 61 84 25 9 77 43 76 10 96 72 23 63 73 97 34 52 17 59 1 51 37 11 78 82 95 13 26 2 46 19 12 88 29 30 35 93 81 20 33 54 98 8 15 18 6 53 38 70 90 21 36 24 58 5 92 7 56 83 69 4 94 45 62 91 14 48 67 65 75 71 3 0 42 66 32 41 31 40 99 87 50 55 60 22 27 49 28 85 57 44 39
TEST 52 ARG:3 75 69 43 24 20 68 64 67 51 97 48 6 85 34 58 72 28 32 77 33 42 86 13 98 84 37 31 92 99 27 46 87 71 73 90 55 82 17 91 49 11 63 66 65 1 70 47 4 41 0 18 29 9 74 76 14 95 53 8 56 21 15 60 39 25 23 79 5 36 12 45 61 59 57 40 81 35 88 96 38 52 89 80 16 7 30 93 22 26 19 54 62 94 78 44 10 2 50 83
TEST 53 ARG:59 73 66 15 53 78 79 77 81 49 36 75 4 45 19 99 69 98 26 70 12 67 87 7 25 68 10 11 74 56 72 58 54 34 33 71 46 90 82 48 2 61 65 55 91 96 22 84 50 60 14 30 52 44 18 20 80 16 62 40 63 21 39 31 43 47 13 76 92 86 35 51 9 28 85 8 64 94 27 24 6 41 89 3 95 37 83 93 0 23 17 29 32 97 38 88 42 1 5 57
TEST 54 ARG:55 37 12 3 23 15 96 30 34 10 94 14 19 9 93 27 38 80 41 59 43 62 97 60 40 89 56 2 91 6 4 84 63 44 69 46 0 24 5 49 67 65 39 81 75 33 21 36 90 45 99 72 61 73 68 57 78 26 66 74 70 31 13 52 28 25 85 8 87 29 7 53 64 11 79 92 54 32 47 17 22 35 42 51 18 58 88 77 48 1 71 82 16 86 98 76 50 95 20 83
TEST 55 ARG:4 80 42 25 86 65 90 89 33 78 22 21 62 43 26 28 6 0 92 61 63 79 47 71 54 1 30 17 31 51 29 40 74 57 20 10 93 60 55 48 68 11 72 75 13 64 23 15 24 8 49 96 83 66 84 94 69 56 52 87 38 36 39 37 85 46 7 91 59 18 44 82 58 14 16 45 77 70 98 12 27 34 53 99 50 19 81 32 76 67 88 3 95 5 2 97 35 73 9 41
TEST 58 ARG:23 99 31 3 48 83 15 33 76 60 55 2 34 13 94 73 72 8 86 54 89 43 17 85 5 42 88 7 59 16 77 11 87 97 82 30 6 71 78 62 74 12 66 19 95 10 20 69 53 0 96 52 29 67 51 21 81 68 14 46 27 24 57 32 84 28 80 70 35 56 91 79 36 22 64 26 50 63 98 65 9 25 93 41 40 92 18 47 61 90 45 49 75 38 39 1 37 4 44 58
TEST 59 ARG:31 74 38 72 90 3 4 77 97 84 52 82 47 27 25 28 70 92 58 21 48 8 30 50 68 57 2 65 13 86 6 33 16 36 80 42 19 26 10 49 95 55 29 17 45 12 87 88 41 69 40 39 63 23 62 60 94 7 54 93 67 24 85 73 56 71 53 44 37 34 98 83 20 35 5 89 75 15 79 64 14 11 96 91 18 51 22 9 76 66 32 81 99 1 0 59 43 46 78 61
TEST 60 ARG:76 14 44 95 99 26 15 59 19 63 9 57 45 40 38 65 1 75 97 87 70 23 85 4 77 16 79 73 35 29 88 33 28 11 39 49 80 34 52 55 96 72 7 64 92 91 82 46 86 22 48 69 62 25 41 32 98 37 58 12 43 51 84 93 71 21 10 54 50 6 27 90 3 74 5 17 42 81 8 30 61 83 60 31 53 94 2 0 78 56 67 20 89 47 18 68 36 13 24 66
TEST 61 ARG:28 75 47 6 62 37 77 41 35 20 33 74 10 22 21 46 72 54 40 76 92 48 24 5 49 31 1 97 27 65 7 88 52 9 93 26 2 99 81 64 3 73 91 53 83 44 96 18 38 80 84 57 17 32 56 90 25 12 42 98 71 23 43 11 8 19 59 89 13 95 85 66 67 0 70 58 78 87 29 14 63 55 51 50 4 94 15 45 68 69 39 34 79 60 61 36 16 86 30 82
TEST 62 ARG:31 86 76 67 62 82 80 97 58 40 16 53 38 81 21 3 17 65 69 60 49 84 92 93 98 91 28 25 39 63 70 55 56 4 88 12 46 72 14 13 61 1 73 8 30 87 33 24 54 96 95 71 75 35 34 79 6 99 59 23 0 26 52 57 27 42 90 11 36 45 2 37 50 9 74 22 89 77 83 94 19 29 47 48 66 68 41 15 51 10 32 5 20 44 64 7 85 18 43 78
TEST 63 ARG:34 14 3 42 55 30 82 39 61 78 85 0 18 97 64 76 36 19 53 25 26 74 54 31 86 21 43 45 79 83 81 95 66 69 93 90 33 17 11 29 37 51 77 16 27 24 28 15 4 49 44 99 65 22 98 8 13 88 47 52 84 38 35 48 32 60 68 23 10 59 7 94 2 12 56 75 96 80 67 9 46 57 5 73 50 41 89 87 72 40 70 20 58 71 1 63 91 6 62 92
TEST 64 ARG:3 21 61 27 15 2 1 90 63 54 23 82 69 38 51 73 44 52 0 83 31 56 65 28 41 84 94 24 7 80 10 4 77 99 22 34 68 36 35 58 5 96 20 8 60 32 9 18 92 81 6 33 91 72 67 66 42 85 57 43 98 48 59 87 12 13 30 37 86 16 55 17 97 79 14 19 95 70 47 25 53 45 26 93 75 40 49 29 76 64 62 46 89 11 74 71 50 88 78 39
TEST 65 ARG:87 75 28 68 49 55 94 66 71 43 10 25 70 11 85 61 40 22 13 3 57 23 4 41 89 76 19 97 9 16 60 2 45 18 62 32 38 8 98 64 47 73 91 21 15 0 30 35 7 27 95 20 44 67 17 84 14 42 90 53 54 37 36 93 59 12 92 29 33 58 79 65 26 99 50 86 81 78 77 31 72 34 1 24 80 63 74 6 51 48 82 56 83 96 5 39 52 46 88 69
TEST 66 ARG:11 36 45 87 31 54 70 65 74 78 77 46 49 93 84 6 43 23 51 44 47 28 56 13 17 29 39 94 96 69 62 27 80 33 2 89 83 48 90 26 60 71 37 81 95 88 52 91 0 40 57 4 34 30 42 86 22 5 79 97 63 15 82 53 75 61 14 50 64 66 12 24 32 8 55 18 99 98 85 9 68 1 7 21 35 41 92 38 58 59 19 67 3 72 76 25 16 20 10 73
TEST 67 ARG:33 83 85 41 7 32 15 89 10 48 72 73 19 40 36 82 24 97 18 50 13 51 35 76 61 52 23 5 6 64 43 87 99 21 95 67 26 66 74 11 4 38 29 17 80 22 92 39 84 68 79 91 71 45 44 88 65 47 86 78 14 31 49 58 16 53 57 34 54 12 77 42 20 25 28 1 90 81 30 46 69 55 63 94 70 0 75 2 96 59 3 93 98 56 60 8 62 27 37 9
TEST 68 ARG:77 3 94 80 69 38 87 39 8 74 71 98 1 34 33 55 85 70 67 29 16 86 79 57 45 53 26 82 95 15 60 30 13 99 68 4 27 91 22 24 37 88 17 56 32 43 5 14 21 11 9 20 2 93 51 28 78 59 63 58 12 19 89 96 0 76 62 50 81 36 52 97 31 10 64 40 46 83 41 35 90 54 66 61 75 23 6 48 7 18 92 47 44 65 25 84 49 73 42 72
TEST 69 ARG:94 16 86 2 67 38 17 75 80 41 79 32 34 8 87 65 82 20 70 63 88 50 96 46 52 21 74 93 7 45 76 54 39 64 72 66 44 98 97 36 35 55 19 11 29 6 59 14 51 57 22 90 89 91 47 15 61 18 9 78 31 10 40 42 83 84 58 73 62 48 69 56 71 43 92 95 28 85 81 30 0 33 60 99 37 13 12 4 23 49 26 53 1 3 25 77 5 27 68 24
TEST 71 ARG:5 95 78 20 31 66 54 2 99 18 84 23 59 86 92 76 19 1 81 33 88 57 46 64 32 42 35 38 21 53 39 52 58 90 79 43 70 73 93 83 87 48 49 25 51 96 7 97 56 22 65 91 6 60 80 50 67 37 34 44 75 24 26 41 45 15 27 77 82 94 47 72 62 98 85 55 89 16 12 11 74 36 13 14 8 4 10 29 30 9 40 28 69 0 68 63 61 71 3 17
TEST 72 ARG:96 27 17 64 99 80 32 75 3 36 0 31 77 65 73 76 34 12 47 59 44 91 60 2 7 83 48 66 38 63 87 72 56 68 49 53 10 74 46 50 35 37 71 97 82 23 41 52 85 78 9 13 33 70 79 25 89 28 11 86 40 62 4 15 5 51 6 58 95 39 61 29 45 24 98 55 57 22 54 18 8 1 43 81 88 69 42 94 14 21 16 19 90 67 26 84 30 93 92 20
TEST 73 ARG:67 0 41 62 19 83 24 26 32 36 10 1 34 14 74 5 69 25 59 91 3 7 17 99 95 6 49 93 22 35 16 63 89 60 85 29 27 40 86 37 20 70 54 42 52 53 56 72 75 57 84 51 44 65 64 13 66 11 76 23 38 21 55 96 87 78 97 8 39 92 12 15 80 90 50 58 4 18 79 82 31 88 77 48 43 28 68 2 47 61 33 71 30 9 45 46 98 73 81 94
TEST 74 ARG:2 46 84 75 62 28 12 8 56 18 59 76 0 6 4 10 20 78 23 64 26 60 67 44 5 19 41 36 15 55 89 33 83 51 72 80 16 31 58 82 11 86 70 27 42 95 24 99 40 47 77 30 35 66 1 69 57 21 3 34 38 74 68 94 17 98 85 63 14 97 65 43 96 71 93 90 81 13 9 7 88 73 45 48 37 54 52 91 92 22 61 50 32 29 79 53 25 39 87 49
TEST 75 ARG:69 36 82 86 11 65 27 15 60 32 84 56 37 41 83 38 97 78 52 47 89 31 46 9 19 2 57 40 90 70 91 26 13 77 6 66 81 8 94 0 20 87 30 85 54 7 63 76 4 88 49 35 92 55 18 99 22 28 10 72 50 29 74 61 79 58 93 5 24 95 53 39 68 1 16 48 34 14 98 43 45 12 3 75 51 59 17 67 21 96 42 33 64 62 80 73 44 71 23 25
TEST 76 ARG:44 57 18 37 43 39 34 92 26 28 45 51 46 94 52 42 99 27 5 73 17 98 83 30 82 25 67 79 84 33 4 91 62 21 97 64 35 49 93 81 23 19 48 58 76 54 3 29 16 15 38 90 10 70 53 47 1 6 8 56 71 72 95 11 66 13 96 32 74 36 69 86 40 87 31 89 78 20 68 2 9 65 0 61 60 59 63 12 88 50 24 77 75 22 80 14 41 85 7 55
TEST 77 ARG:85 79 59 70 26 5 54 10 19 87 32 67 49 63 55 35 88 61 15 16 84 53 7 18 86 94 30 27 96 69 66 77 0 62 42 46 34 12 9 41 52 92 33 20 89 76 24 37 45 51 11 31 90 38 21 4 78 47 1 93 48 14 13 23 43 40 39 6 44 56 82 91 72 50 2 65 83 98 64 36 17 68 60 73 25 28 75 58 71 95 81 3 29 8 97 99 74 57 80 22
TEST 78 ARG:4 20 63 67 87 50 47 83 76 9 22 25 33 90 94 5 46 40 78 55 98 44 93 38 89 11 48 10 43 15 14 85 26 27 51 28 73 60 24 31 80 82 23 12 7 65 36 79 1 37 3 29 64 6 42 30 72 19 8 95 16 91 39 52 0 99 69 17 21 62 61 53 54 59 66 34 86 41 32 84 75 13 56 57 92 68 70 71 97 2 18 74 88 81 49 77 58 96 45 35
TEST 79 ARG:15 95 89 53 92 23 17 10 34 38 22 99 70 41 60 65 87 81 49 46 63 18 19 84 3 97 27 75 48 9 45 12 44 62 16 55 74 11 56 26 69 59 86 40 58 1 24 21 82 8 33 73 66 76 51 90 68 57 29 32 94 31 39 85 47 96 67 14 28 37 79 98 88 61 42 77 25 91 83 35 64 43 71 36 7 72 5 52 30 2 80 50 93 54 20 13 6 4 0 78
TEST 80 ARG:65 64 3 30 73 68 10 62 15 91 52 27 22 80 51 19 8 0 71 67 97 26 43 74 45 95 14 70 77 25 24 96 38 23 60 36 18 13 39 49 41 37 82 85 32 87 28 21 44 81 46 42 72 40 92 2 75 57 94 34 5 4 56 35 48 63 88 98 93 76 55 1 78 69 9 31 90 84 20 54 11 79 83 33 17 16 50 7 12 89 47 53 6 61 99 86 29 66 58 59
TEST 81 ARG:29 87 97 21 18 91 42 2 65 92 73 44 37 12 72 6 51 67 11 35 89 4 76 54 13 93 40 66 8 53 88 81 7 46 85 68 14 28 27 48 78 38 60 10 63 83 99 3 71 77 0 24 41 30 62 56 17 32 43 39 15 31 69 5 45 55 75 80 61 20 94 98 23 96 70 26 33 34 1 9 90 74 64 86 36 84 25 49 59 22 52 57 79 19 95 16 47 58 82 50
TEST 82 ARG:7 96 34 86 40 75 64 78 71 32 23 92 61 28 97 13 85 87 27 55 17 18 79 29 5 42 65 57 59 41 73 69 63 99 50 1 26 67 35 66 46 81 72 22 84 93 58 9 48 11 44 31 90 10 52 16 14 30 37 91 15 54 98 83 94 19 89 47 33 70 95 74 49 25 62 12 60 8 77 20 4 76 39 80 43 45 21 6 38 53 2 82 68 0 36 24 56 88 51 3
TEST 83 ARG:36 31 91 62 22 30 45 95 2 76 23 70 28 5 75 48 54 20 72 0 57 65 82 24 42 10 15 39 25 80 21 78 94 67 41 37 32 53 9 4 60 90 47 71 77 97 64 81 19 6 43 86 8 18 85 16 44 50 34 84 69 29 12 93 40 14 51 68 52 7 83 49 56 61 89 98 96 87 38 13 99 35 55 27 74 66 17 79 63 88 1 92 58 73 26 59 46 11 3 33
TEST 84 ARG:0 54 96 3 2 32 19 15 95 92 74 38 52 68 13 44 55 5 97 25 20 99 75 53 36 79 87 21 26 71 6 65 59 12 89 29 47 83 10 45 60 64 80 42 40 39 33 23 84 14 88 57 76 72 27 51 58 91 31 43 9 82 94 73 7 90 17 69 67 61 48 81 18 49 66 16 63 56 50 35 77 11 46 93 86 98 85 41 62 30 28 22 1 34 8 4 24 70 78 37
TEST 85 ARG:92 50 35 69 61 67 98 83 45 95 96 41 8 6 5 78 7 80 40 65 13 75 89 39 4 84 38 26 46 0 70 49 81 66 27 21 17 25 77 29 30 99 93 91 9 42 68 97 1 53 55 54 72 44 23 87 36 14 82 2 11 58 85 64 22 10 59 16 94 52 18 57 15 86 32 73 88 19 28 33 90 62 71 12 76 48 74 51 79 34 63 3 47 37 31 43 56 24 60 20
TEST 86 ARG:86 53 19 29 39 66 57 34 33 96 8 25 17 31 97 65 32 55 62 99 16 28 72 5 79 76 70 74 67 11 69 93 90 42 27 88 60 37 71 68 64 87 94 41 35 80 2 26 10 95 63 21 9 84 30 23 0 51 49 47 61 73 92 3 58 45 7 46 4 18 48 77 13 78 50 82 59 14 89 81 98 1 52 24 43 75 6 22 44 40 15 20 85 56 91 38 54 36 83 12
TEST 88 ARG:36 5 25 18 83 47 81 43 19 4 58 59 65 86 56 66 7 29 10 49 31 37 0 46 87 12 8 92 55 16 6 50 98 21 64 1 9 14 75 78 89 62 45 71 96 61 33 38 32 35 91 60 27 94 26 84 24 53 72 34 77 15 79 41 69 90 70 76 40 2 28 97 11 82 17 95 20 39 73 13 57 80 99 63 44 85 67 30 68 42 88 3 52 51 23 48 22 93 54 74
TEST 89 ARG:98 73 61 25 75 15 37 12 84 5 13 80 6 69 64 39 87 89 81 45 90 44 53 71 57 58 8 79 54 2 66 97 31 26 24 30 34 96 33 35 4 88 51 17 29 68 42 77 86 92 3 70 72 93 91 65 95 19 78 56 60 48 41 20 46 18 43 11 27 82 9 28 99 38 63 49 52 16 74 55 83 36 59 14 40 85 67 76 94 50 7 1 32 0 62 10 22 23 21 47
TEST 90 ARG:38 99 92 97 58 80 49 18 62 29 93 60 28 14 22 85 75 91 53 26 67 66 0 2 87 79 24 17 34 10 84 68 13 52 5 37 73 33 94 46 78 9 35 31 25 82 41 8 76 69 56 95 11 54 27 61 3 98 83 63 89 90 36 55 74 39 4 44 47 45 86 32 30 72 64 71 20 15 16 96 40 57 50 70 51 48 59 19 88 42 12 65 23 81 1 21 43 77 7 6
TEST 91 ARG:48 41 19 8 10 91 38 39 36 45 61 54 47 37 50 66 90 13 20 52 22 17 95 33 64 85 2 80 93 32 30 81 4 76 1 78 97 53 84 58 23 31 5 86 62 75 14 68 16 83 87 15 88 59 65 63 9 44 98 7 34 71 18 72 74 96 73 43 79 11 51 46 69 0 60 77 40 55 25 57 29 82 42 12 35 21 89 28 94 67 26 99 92 24 6 3 56 49 70 27
TEST 92 ARG:54 94 99 86 97 25 98 9 44 22 45 15 81 59 84 38 56 35 57 77 62 31 71 51 13 69 29 17 19 34 12 37 21 55 20 14 18 32 76 16 30 26 93 50 28 4 85 95 41 11 8 82 74 10 6 1 79 88 40 65 63 27 72 42 58 78 52 92 96 73 43 80 83 48 0 75 67 39 46 61 70 60 68 3 2 23 87 66 7 64 89 47 49 36 90 33 5 91 53 24
TEST 93 ARG:86 63 51 78 28 79 47 24 58 84 7 82 46 20 17 29 99 69 95 91 12 56 96 9 52 59 81 90 27 3 25 32 93 92 60 85 26 14 97 87 36 74 40 8 43 48 34 72 75 1 54 73 16 4 70 22 10 39 41 33 66 42 45 5 98 37 30 49 88 89 53 0 80 57 31 15 6 55 2 13 11 94 19 68 77 83 44 71 23 18 61 67 62 50 21 64 38 65 76 35
TEST 94 ARG:70 90 68 12 37 24 42 9 14 31 54 2 59 72 97 39 41 44 98 1 57 61 29 56 16 84 47 86 25 85 81 49 67 19 27 13 7 87 82 32 64 26 18 5 77 30 28 74 63 46 45 40 62 66 48 69 91 53 15 83 88 0 50 55 95 94 20 23 36 8 78 92 75 6 35 17 96 52 38 33 51 60 11 3 4 76 71 22 73 79 65 43 99 21 58 80 34 93 10 89
TEST 95 ARG:11 15 27 74 78 22 77 16 87 0 99 55 36 44 18 30 2 47 34 21 82 51 85 49 88 97 56 14 3 31 13 92 25 96 95 91 73 6 42 83 28 20 5 1 29 8 98 48 24 71 93 50 32 84 60 7 41 54 59 90 58 17 43 79 62 66 19 4 64 61 38 37 57 53 26 94 12 46 45 23 89 80 63 39 52 72 70 65 67 86 35 76 10 9 33 75 68 81 69 40
TEST 96 ARG:10 62 33 96 86 97 54 6 67 30 51 99 76 12 90 68 11 81 65 84 21 92 71 89 24 4 13 15 72 9 28 38 3 43 46 59 48 40 29 75 17 42 80 98 63 69 79 50 95 14 73 87 47 60 78 41 61 56 32 16 20 25 45 85 55 27 53 1 5 70 2 94 19 83 8 91 22 39 0 58 18 36 49 66 37 52 35 77 31 57 34 23 82 64 88 26 74 7 44 93
TEST 97 ARG:73 96 91 79 47 32 93 51 50 46 7 53 16 33 35 49 10 0 85 13 12 21 44 89 19 62 82 18 9 31 74 67 63 99 14 39 65 6 1 45 22 97 64 40 28 81 11 87 8 77 57 52 69 68 5 72 71 61 86 29 60 94 78 59 26 70 4 41 55 24 27 17 38 48 34 54 36 23 76 88 15 66 92 56 20 83 75 30 58 43 37 84 80 25 3 42 98 95 90 2
TEST 98 ARG:57 36 6 98 14 10 55 87 33 16 76 24 12 71 39 40 69 26 2 92 88 50 70 23 41 47 11 34 22 81 4 95 86 27 68 35 25 1 58 54 83 78 21 77 46 37 73 97 63 3 84 19 49 43 5 65 51 8 66 60 72 17 53 79 15 7 85 38 44 64 99 96 42 80 75 61 74 30 56 18 0 20 89 9 90 45 62 91 32 94 59 29 48 31 82 67 52 13 28 93
TEST 99 ARG:45 34 3 60 73 40 49 25 31 71 68 81 11 84 52 19 32 7 10 26 76 39 36 67 47 54 48 79 27 50 75 2 17 92 98 44 37 53 97 8 65 18 6 14 86 66 41 96 93 24 74 15 69 9 78 87 63 83 13 33 85 59 61 91 35 95 58 80 1 77 89 5 70 42 82 55 64 99 51 62 4 22 88 90 38 16 29 72 23 46 94 21 43 12 56 28 30 0 20 57
TEST 100 ARG:81 88 20 8 16 37 69 50 44 30 6 13 26 89 57 49 61 87 0 43 42 76 47 31 94 63 84 1 46 22 70 51 53 77 35 72 41 40 82 48 99 71 96 55 18 93 17 7 11 54 32 10 36 91 45 29 58 23 15 92 21 38 60 2 52 73 65 79 80 75 25 5 83 78 14 97 19 74 39 24 27 34 9 4 67 12 59 56 98 3 62 33 95 64 68 66 90 86 28 85
TEST 102 ARG:87 54 90 67 25 6 23 93 11 49 53 2 60 61 36 74 33 0 99 10 41 98 56 40 55 76 34 95 35 31 71 62 24 43 97 85 66 17 83 73 59 80 65 44 18 14 57 28 1 39 9 79 38 20 48 45 52 81 5 47 68 15 29 91 22 58 46 30 32 50 78 26 13 8 88 82 89 3 72 77 7 19 42 94 63 27 64 96 21 70 92 51 86 69 16 12 4 37 75 84
TEST 103 ARG:4 92 63 37 12 85 58 19 22 87 10 94 32 30 49 1 75 55 20 99 28 70 34 52 97 47 81 54 21 46 83 14 23 36 73 64 80 26 11 7 44 27 91 84 76 93 25 96 66 29 41 53 31 78 42 61 57 50 33 72 89 16 71 2 88 39 62 35 0 98 38 40 6 45 79 69 15 90 82 8 43 60 77 68 65 9 17 24 67 74 5 13 86 3 48 95 51 59 56 18
TEST 104 ARG:22 87 69 18 93 1 62 88 41 68 17 92 30 34 73 20 96 15 43 76 35 65 0 77 10 72 31 83 58 40 80 38 66 33 27 14 70 52 75 94 11 71 32 56 86 64 16 54 12 59 98 44 6 48 46 21 47 63 39 85 8 81 42 4 29 53 26 50 74 61 84 28 45 78 89 95 5 99 60 19 49 91 9 67 13 36 51 7 2 97 3 37 90 25 57 24 55 79 23 82
TEST 105 ARG:37 19 24 57 46 79 29 7 71 30 97 88 22 64 76 80 58 36 26 93 4 73 92 51 86 72 10 25 11 53 12 55 2 59 35 99 39 15 54 1 75 83 87 3 61 70 8 90 44 62 47 49 21 45 96 34 16 89 67 85 84 50 43 13 52 14 60 0 74 17 82 91 77 28 66 18 31 6 69 56 23 65 94 63 68 20 33 9 95 98 41 78 27 5 40 48 38 81 42 32
TEST 106 ARG:41 44 95 36 12 37 74 24 45 30 99 47 98 15 49 54 13 65 34 42 46 5 69 3 66 26 71 29 16 11 6 20 17 38 70 52 68 92 64 7 97 27 62 0 9 88 59 75 18 67 87 80 2 79 4 40 91 8 28 82 58 56 53 94 96 21 35 77 50 86 73 78 55 61 83 33 48 25 60 93 1 19 63 72 84 23 85 10 81 51 57 22 31 32 39 14 43 90 76 89
TEST 108 ARG:59 27 54 65 29 52 12 62 77 79 13 82 22 47 24 19 3 10 30 95 37 46 0 85 31 28 9 99 56 49 83 89 61 69 40 41 68 15 18 14 64 78 92 98 93 4 55 39 60 36 43 25 81 11 26 66 75 8 87 51 72 57 88 6 73 50 1 53 97 33 44 91 86 71 74 2 5 58 94 23 34 35 16 32 38 70 7 96 48 90 63 80 21 76 42 20 45 67 17 84
TEST 109 ARG:80 7 74 96 40 95 47 48 39 26 27 16 85 14 51 23 13 58 89 36 41 5 72 8 0 93 92 63 31 70 18 28 90 56 54 9 43 82 78 12 19 37 17 53 84 29 97 44 77 59 62 83 49 60 6 75 25 87 50 2 57 52 15 88 22 32 79 99 35 46 45 94 68 3 24 66 38 76 11 73 81 33 67 20 69 21 64 4 42 91 71 86 30 34 10 61 98 55 1 65
TEST 110 ARG:5 40 70 87 82 71 51 42 30 58 8 55 7 2 90 13 94 21 63 22 57 92 31 1 86 68 26 99 46 3 16 62 53 11 19 33 0 29 75 4 47 49 18 14 9 80 41 37 96 23 12 93 25 95 84 45 74 73 24 85 60 76 35 32 78 54 61 34 28 79 97 39 72 56 66 98 27 65 6 81 50 67 38 20 89 59 88 44 52 91 64 36 17 48 43 77 69 15 83 10
TEST 111 ARG:86 7 44 12 46 36 26 5 74 27 43 79 58 85 49 10 76 95 25 31 24 30 17 6 45 0 39 13 99 16 50 42 35 2 34 54 60 20 69 29 1 41 15 37 11 18 33 66 67 84 62 68 98 71 23 22 88 57 82 51 91 48 3 61 83 63 56 89 97 90 47 52 32 65 28 87 38 70 92 21 9 59 73 96 78 8 53 19 55 93 40 14 75 72 80 77 81 94 64 4
TEST 112 ARG:4 78 19 94 93 66 86 98 21 5 25 88 58 6 43 60 81 63 97 3 14 51 26 55 87 80 50 62 1 72 74 9 53 13 29 83 41 11 92 69 20 47 49 75 96 71 15 39 57 10 44 59 27 84 18 42 24 33 82 16 32 48 99 35 70 31 65 34 89 22 2 64 8 77 52 95 23 28 79 0 36 85 45 76 91 56 90 61 37 68 12 54 67 17 46 38 40 73 7 30
TEST 113 ARG:94 4 65 87 92 66 67 24 5 37 46 49 55 2 59 38 12 83 13 19 36 7 40 74 90 77 72 93 16 63 32 41 95 45 30 89 71 11 54 23 61 98 1 96 31 25 28 29 58 35 51 6 14 52 99 88 68 9 91 97 26 86 64 39 62 44 20 81 75 3 53 43 70 82 48 79 47 73 78 85 18 15 21 17 10 27 57 80 8 0 76 56 60 22 50 42 33 69 34 84
TEST 114 ARG:32 97 76 70 15 91 9 0 45 53 84 10 11 30 7 50 23 72 61 27 5 82 16 55 41 95 74 22 69 90 8 75 58 34 71 92 77 94 29 2 14 89 93 52 35 39 24 96 83 44 98 42 49 66 6 64 20 21 36 86 78 48 18 13 1 4 88 81 65 25 87 17 47 62 28 57 19 60 37 73 43 67 54 3 59 38 68 51 85 46 33 26 56 31 79 80 63 12 40 99
TEST 115 ARG:45 37 43 25 4 48 73 75 82 90 41 47 23 63 97 7 15 88 98 65 13 78 94 40 28 96 53 27 58 50 64 51 31 86 24 14 72 29 20 10 32 1 21 80 74 84 52 38 9 5 67 87 33 46 93 59 35 69 11 0 95 92 89 30 99 44 91 70 22 79 8 85 49 83 3 39 54 66 77 26 12 19 55 36 42 6 62 17 56 61 68 2 76 60 16 34 81 18 71 57
TEST 116 ARG:58 67 55 1 45 26 89 86 23 47 95 37 50 59 56 36 64 78 88 80 0 20 60 12 5 42 6 96 31 8 9 17 10 69 28 4 68 72 39 62 25 18 32 73 13 27 46 34 90 21 66 76 48 14 7 54 40 81 3 29 35 75 43 91 99 51 11 71 77 49 70 15 79 63 92 16 65 87 84 22 82 2 19 97 61 52 98 74 85 83 44 30 41 93 53 38 57 94 33 24
TEST 117 ARG:94 56 35 99 32 13 92 66 88 52 57 54 63 29 51 1 93 47 19 40 16 2 60 44 42 62 41 4 91 27 65 17 33 97 20 30 10 61 7 6 38 78 24 71 73 75 11 89 74 72 83 64 87 15 12 84 90 50 49 14 68 98 23 28 58 95 70 22 5 46 9 36 34 8 43 45 53 18 77 67 48 21 96 0 80 69 3 85 37 39 31 86 79 81 26 55 82 25 76 59
TEST 118 ARG:26 53 29 20 64 44 4 72 3 80 34 52 10 6 90 39 96 66 45 49 31 60 16 14 42 59 84 18 54 88 33 50 48 21 28 78 12 36 37 87 17 43 24 1 67 7 81 5 77 89 56 9 0 76 27 99 82 85 86 62 8 63 58 22 65 30 79 73 95 46 51 71 13 75 11 25 83 74 41 93 97 92 55 23 19 35 15 94 98 40 2 61 32 70 38 91 69 57 68 47
TEST 119 ARG:68 94 63 42 23 95 14 56 84 65 3 38 48 74 50 58 62 25 98 53 46 93 54 73 2 88 40 4 96 79 67 28 72 80 5 31 13 70 47 49 7 60 18 90 36 45 27 0 24 69 61 81 71 41 78 66 9 39 30 87 1 12 32 34 97 22 17 44 59 8 91 85 64 20 77 35 37 26 10 57 11 6 83 99 43 21 86 75 19 29 82 92 16 52 76 33 89 51 15 55
TEST 120 ARG:79 24 71 53 29 47 78 48 15 89 28 40 17 74 85 58 87 72 36 16 14 68 39 75 6 8 96 43 12 64 94 70 42 95 52 63 62 19 91 5 92 76 31 66 49 33 60 93 67 27 98 56 23 54 44 45 77 80 7 61 4 50 99 2 97 65 57 9 69 13 90 41 83 55 86 34 37 73 18 46 10 35 38 11 21 51 30 82 20 25 84 81 59 1 0 88 26 32 22 3
TEST 121 ARG:20 78 98 5 50 55 48 71 31 66 85 40 77 99 39 46 12 45 42 64 43 60 67 68 37 35 69 59 92 21 23 2 76 88 28 24 95 13 80 74 27 0 87 62 9 58 8 10 32 83 52 29 14 17 30 16 15 18 51 89 90 34 22 25 96 79 11 57 53 82 19 97 93 54 86 75 84 61 65 49 38 41 94 36 47 63 44 26 72 91 4 1 70 56 33 6 81 73 3 7
TEST 122 ARG:86 24 9 91 73 18 84 3 93 15 42 43 76 1 72 8 10 32 41 17 80 31 29 40 61 63 39 87 51 22 27 69 21 13 98 71 53 82 83 52 66 5 33 12 92 6 38 37 7 35 97 64 85 90 34 57 2 70 11 0 74 44 94 4 28 46 78 16 26 67 48 65 55 19 49 23 50 89 96 20 56 95 88 77 79 14 54 58 75 30 68 59 60 99 62 47 81 25 36 45
TEST 124 ARG:37 46 83 30 38 93 53 48 95 47 21 25 99 84 94 71 24 62 18 80 35 32 79 72 49 34 56 39 55 58 96 60 91 19 2 50 85 15 64 1 97 28 67 22 4 76 33 17 8 87 63 7 5 0 43 81 12 86 11 73 36 3 9 52 31 45 66 61 29 89 98 78 69 65 20 70 54 57 44 74 6 77 41 92 10 75 90 59 82 14 13 23 51 68 26 27 42 40 16 88
TEST 125 ARG:38 52 35 9 45 36 84 31 46 70 81 30 67 68 71 79 55 98 23 41 99 59 80 1 94 56 47 10 5 91 40 15 44 21 26 66 18 69 37 39 60 8 25 57 53 2 32 49 50 77 0 6 78 34 43 64 90 61 92 24 89 58 48 97 86 87 65 3 88 27 33 75 51 62 96 11 4 20 82 13 12 73 85 83 17 76 28 63 72 42 54 95 22 19 7 93 29 16 14 74
TEST 126 ARG:91 76 94 9 67 65 44 17 22 53 30 60 15 35 19 58 81 56 47 7 57 18 37 89 27 16 41 82 54 96 86 43 52 72 77 1 40 28 8 3 73 66 14 61 49 55 90 80 20 33 10 99 12 69 24 51 64 83 50 34 62 79 26 46 68 25 75 32 42 92 84 45 31 63 70 6 36 95 74 29 21 85 59 13 38 39 71 23 93 97 78 0 88 11 2 4 48 87 5 98
TEST 127 ARG:95 83 68 0 19 71 43 76 49 24 88 64 91 28 13 36 57 56 85 25 69 41 39 6 65 87 60 35 46 4 22 93 2 77 48 33 12 79 84 99 82 80 70 9 1 96 59 21 31 72 63 20 37 86 14 16 58 44 45 98 27 89 42 92 94 50 67 5 61 66 10 52 29 30 26 3 18 17 90 75 32 40 73 8 81 62 78 55 23 53 97 74 54 7 11 34 38 47 15 51
TEST 128 ARG:36 43 55 11 58 45 61 7 86 93 56 31 54 49 62 72 6 30 41 48 42 44 50 26 47 29 69 64 35 81 46 79 20 99 87 59 13 74 66 57 8 33 25 91 23 82 10 18 70 28 83 15 34 60 51 80 5 52 73 12 27 53 9 71 97 32 95 24 0 17 37 63 2 88 90 38 89 76 16 68 19 94 1 22 84 4 40 75 67 98 77 14 3 78 92 85 39 65 21 96
TEST 129 ARG:73 90 94 96 10 69 11 56 62 46 28 21 8 47 24 72 14 37 87 53 71 84 44 4 74 64 19 82 92 27 98 61 70 55 20 43 38 3 45 15 30 88 31 67 99 51 25 39 9 77 58 80 76 40 18 52 79 23 81 83 36 49 78 91 66 97 85 34 63 86 26 17 65 33 7 57 60 54 95 22 0 42 12 29 1 50 35 2 48 93 16 6 41 13 89 32 5 59 68 75
TEST 130 ARG:29 32 94 67 48 14 8 30 38 6 3 24 36 79 20 80 39 72 70 27 53 42 28 33 51 40 25 0 21 95 19 56 47 98 5 96 76 43 77 11 59 26 68 45 37 84 64 66 52 10 7 12 69 71 44 85 87 89 41 49 60 63 61 65 18 74 46 15 58 75 81 83 23 99 55 31 17 1 86 2 97 90 88 4 34 78 13 82 73 54 9 91 16 92 22 50 57 62 93 35
TEST 131 ARG:58 45 88 4 92 29 64 98 2 36 43 78 1 26 47 54 75 77 84 69 13 97 44 74 39 83 12 52 94 59 76 5 85 90 46 8 72 50 55 93 11 86 87 57 25 99 79 14 51 82 21 20 96 67 66 48 71 80 73 6 49 81 60 17 89 27 37 61 62 95 0 35 56 18 16 41 65 19 15 33 91 42 24 28 3 63 9 10 70 40 30 31 38 23 53 34 32 22 68 7
TEST 132 ARG:99 54 14 59 17 9 68 42 69 16 47 63 84 75 58 24 56 28 64 74 80 60 15 95 71 3 2 52 36 12 94 62 85 67 5 49 43 8 96 26 0 23 46 65 45 31 13 88 78 81 7 38 40 70 93 61 37 39 76 29 91 35 72 90 11 20 82 89 25 66 53 33 86 79 55 18 30 19 48 6 27 21 77 97 41 10 83 1 32 73 87 92 34 44 51 57 98 50 4 22
TEST 133 ARG:87 6 77 8 83 81 38 20 69 53 74 66 36 28 98 71 45 25 94 1 91 13 7 51 93 88 96 17 22 57 61 30 59 26 9 2 43 65 39 54 63 33 75 41 40 18 80 49 29 10 55 70 76 5 84 14 47 0 37 32 23 90 58 99 16 19 68 35 73 86 79 27 78 95 72 4 31 21 50 92 15 34 42 64 48 89 60 67 97 11 24 62 85 46 82 52 56 3 44 12
TEST 134 ARG:82 90 7 49 3 29 70 32 54 73 21 25 94 43 99 38 11 65 19 55 20 50 24 53 60 6 39 40 13 1 22 58 98 17 46 64 88 12 81 63 69 83 0 14 87 76 68 34 56 75 72 30 91 42 77 4 2 26 95 52 47 71 97 51 80 67 23 5 86 18 79 27 45 37 9 89 84 61 57 78 93 31 10 41 48 59 8 33 35 85 44 66 74 92 16 28 96 36 15 62
TEST 135 ARG:43 63 46 22 6 62 66 79 75 60 53 32 97 5 1 13 98 51 25 91 68 9 50 44 82 24 58 30 37 28 77 72 23 90 87 86 64 94 41 12 45 57 65 70 92 17 3 18 99 26 10 34 48 54 19 52 14 16 36 76 83 15 96 89 61 88 31 39 73 40 56 47 7 67 69 59 84 29 71 20 55 38 74 0 4 80 81 35 21 2 11 85 33 93 78 42 8 49 95 27
TEST 136 ARG:21 86 33 37 43 25 89 0 18 75 47 55 97 58 87 28 39 31 8 46 82 6 99 2 35 34 90 53 60 59 91 74 70 77 49 81 32 54 65 22 40 61 41 68 62 14 83 71 17 45 29 94 48 19 36 67 5 10 76 79 42 4 27 23 15 9 95 51 24 66 78 88 7 3 69 73 26 57 50 30 80 84 20 64 38 85 52 1 12 13 72 96 16 63 93 92 98 56 11 44
TEST 137 ARG:25 40 31 59 52 27 50 74 41 34 69 76 8 98 53 15 9 80 57 87 90 47 46 61 22 36 73 35 30 99 93 92 96 78 42 56 51 83 14 82 45 19 38 89 28 77 10 44 86 33 7 12 4 24 21 84 72 32 29 13 62 49 68 20 3 97 60 23 63 71 54 17 18 48 37 65 26 79 1 39 95 67 0 6 94 75 55 11 88 64 2 91 85 43 16 58 66 81 5 70
TEST 138 ARG:44 52 94 24 46 36 31 63 80 92 5 59 85 86 45 2 74 75 35 89 22 95 49 38 9 83 3 64 17 60 66 25 54 77 8 10 68 0 78 47 56 53 73 30 1 72 61 12 79 84 70 21 69 58 14 62 51 11 20 41 43 96 48 34 81 32 16 88 13 97 99 23 26 29 19 93 27 15 4 87 67 18 39 50 33 42 71 90 37 82 57 91 55 28 7 76 98 6 65 40
TEST 140 ARG:21 31 12 54 46 90 5 27 37 96 26 62 85 87 4 75 77 89 60 72 39 84 91 20 44 10 24 43 22 35 15 8 63 38 11 97 81 2 18 19 79 64 66 71 99 49 82 57 6 28 0 58 88 70 7 41 25 78 83 65 53 13 93 76 29 52 61 67 14 59 69 95 32 40 92 56 17 33 34 74 51 98 80 48 86 1 36 42 47 45 50 73 9 94 30 23 68 16 3 55
TEST 142 ARG:45 98 71 89 93 26 60 96 64 57 3 20 18 54 77 67 70 46 24 85 86 41 91 87 90 48 17 33 31 51 29 82 61 13 25 73 34 12 7 38 10 15 39 43 6 8 23 65 59 58 22 56 4 32 99 95 27 9 97 35 28 50 76 40 72 2 1 21 53 14 75 66 81 0 92 83 79 52 36 94 63 37 68 84 19 44 11 16 69 88 74 30 42 49 62 80 5 78 55 47
TEST 143 ARG:93 4 16 79 34 98 62 64 96 53 86 3 67 35 73 43 72 92 71 25 56 65 94 78 49 91 61 58 97 28 74 87 7 5 38 85 20 29 41 50 24 17 55 0 66 31 1 54 14 42 6 32 95 13 23 45 39 8 19 99 27 60 47 89 40 18 52 36 84 10 48 33 22 59 30 44 51 83 46 76 12 63 9 88 70 57 82 90 11 15 69 75 80 2 21 37 77 81 26 68
TEST 144 ARG:20 61 51 7 75 78 67 65 52 71 38 23 11 34 98 80 62 26 46 19 41 99 24 21 29 74 36 2 55 79 16 13 91 5 77 43 94 39 10 15 73 12 53 89 63 81 22 96 57 69 58 9 76 87 18 72 88 97 84 6 70 60 47 92 42 30 54 83 49 66 86 35 64 1 33 90 8 4 0 37 17 40 25 27 59 32 3 50 82 68 14 93 56 48 28 44 85 45 95 31
TEST 145 ARG:97 92 39 28 95 42 68 40 78 14 83 36 19 27 62 99 52 30 8 81 13 45 69 33 93 47 90 15 87 22 80 5 23 1 89 70 46 11 37 38 25 2 50 12 31 7 79 82 66 57 61 43 59 20 73 86 72 65 44 10 88 3 71 56 77 63 35 21 51 76 96 91 60 49 74 17 54 32 75 41 85 16 53 48 0 94 98 67 26 4 6 64 29 34 84 24 18 58 9 55
TEST 147 ARG:53 25 48 68 26 13 20 8 7 61 64 51 14 66 49 22 16 43 46 81 80 99 88 70 41 21 97 23 10 35 67 65 37 6 82 91 45 79 29 28 58 30 12 40 24 76 69 44 52 33 63 84 0 47 62 96 93 94 5 38 74 78 18 92 89 31 1 42 50 27 19 71 9 11 32 90 3 36 39 2 72 83 17 56 98 85 73 77 55 54 15 4 59 87 57 95 60 75 86 34
